# Cleaned up Data
6.611e+01 3.300e+01 6.245e+01 5.550e+01 9.066e+01
9.399e+01 4.599e+01 9.794e+01 8.134e+01 4.336e+01
1.024e+01 1.103e+01 8.587e+01 9.570e+01 3.357e+01
4.209e+01 6.885e+01 1.532e+01 5.369e+01 9.075e+01
8.754e+01 2.548e+01 6.374e+00 1.910e+01 5.984e-01
8.326e+01 7.214e+01 7.014e+01 3.266e+01 2.818e+01
6.280e+01 2.462e+01 6.853e+00 9.015e+01 9.256e+00
1.045e+01 5.536e+01 5.926e+01 5.745e+01 6.497e+01
9.030e+01 3.972e+01 1.584e+01 4.065e+01 6.758e+01
5.589e+01 8.163e+01 8.907e+00 8.106e+01 4.500e+01
7.930e+01 8.049e+01 2.901e+01 7.199e+01 8.751e+01
3.441e+01 8.685e+01 9.596e+01 6.264e+01 1.934e+01
9.735e+01 2.460e+00 7.227e+01 9.857e+01 7.911e+01
6.679e+01 2.206e+01 5.701e+01 9.956e+01 1.455e+01
7.905e+01 2.704e+01 2.552e+01 4.125e+01 7.693e+01
1.631e+01 3.469e+01 1.382e+01 7.737e+01 3.183e+00
9.179e+01 9.788e+01 2.737e+01 6.196e+01 8.761e+01
6.278e+00 3.976e+01 9.328e+01 8.337e+01 6.597e+01
7.882e+01 5.025e+01 6.210e+01 2.679e+01 3.277e+01
3.249e+00 8.728e+01 4.177e+01 3.150e+01 4.122e+01
7.547e+01 1.204e+01 5.630e+01 8.829e+01 2.704e+00
4.401e+01 3.769e+01 9.877e+01 7.103e+01 2.185e+01
5.906e+01 3.619e+01 1.668e+01 2.419e+01 6.830e+01
3.185e+01 2.976e+01 9.814e+01 5.000e+01 9.533e+01
9.753e+01 8.073e+01 4.417e+01 9.232e+01 1.733e+01
4.963e+01 8.335e+00 3.371e+01 1.982e+01 2.681e+01
5.369e+01 2.278e+01 6.645e+01 3.648e+01 7.394e+00
7.971e+01 3.476e+01 9.728e+01 4.203e+01 9.710e+01
9.144e+01 4.199e+01 7.697e+01 7.802e+01 4.881e+01
7.224e+01 4.484e+01 7.259e+01 3.686e+01 2.541e+01
5.442e+01 3.983e+01 7.655e+01 9.223e+01 1.436e+01
4.960e+01 4.802e+01 6.684e+01 1.886e+01 7.240e+01
5.442e+01 5.708e+01 6.033e+01 1.538e+01 9.896e+01
5.149e+01 8.975e+01 6.576e+00 6.316e+01 1.005e+01
8.148e+01 8.027e+01 1.976e+01 4.905e+01 3.070e+01
7.430e+01 3.081e+01 4.628e+01 3.725e+01 2.871e+01
7.756e+01 1.405e+01 3.351e+01 2.509e+01 4.425e+01
4.976e+01 2.038e+01 2.656e+01 2.255e+00 1.898e+01
9.951e+01 6.724e+01 2.165e+01 2.124e+01 9.209e+01
3.279e+01 8.040e+01 2.351e+01 2.834e+01 7.688e+01
3.976e+01 7.879e+01 4.444e+01 2.574e-01 4.071e+01
8.496e+01 5.025e+01 2.311e+00 5.444e+01 9.693e+01
5.675e+01 7.343e+01 6.973e+01 4.914e+01 8.635e+01
3.425e+01 1.885e+01 3.277e+01 3.846e+01 3.601e+01
1.017e+01 4.021e+00 2.631e+01 4.118e+01 2.418e+01
3.817e+01 3.156e+01 5.046e+01 8.332e+01 7.598e+01
5.993e+01 7.328e+00 1.252e+01 5.476e+01 4.725e+01
4.498e+01 5.809e+01 2.389e+01 1.109e+01 9.056e+01
7.299e+01 4.997e+00 7.243e+01 3.336e+00 9.644e+01
3.560e+01 5.336e+01 2.235e+01 4.329e+01 8.941e+01
9.247e+01 5.174e+01 6.019e+01 5.398e+01 3.159e+00
5.355e+01 2.115e+01 2.547e+00 7.747e+01 7.564e+01
7.318e+01 4.730e+00 9.283e+01 6.242e+01 2.522e+01
6.550e+01 4.180e+01 5.839e+01 8.345e+01 8.807e+01
9.205e+01 3.436e+01 2.129e+01 9.994e+01 2.696e+01
7.216e+01 7.620e+01 2.318e+01 5.321e+01 7.585e+01
5.023e+01 4.844e+01 8.522e+01 4.139e+01 2.340e+01
7.012e+00 8.257e+01 9.918e+01 3.381e+01 3.871e+01
5.749e+01 2.912e+01 7.053e+01 9.920e+01 7.547e+01
4.030e+01 5.108e+01 8.023e+01 2.054e+01 9.432e+00
7.651e+01 3.769e+01 2.847e+01 1.192e+01 1.567e+01
1.619e+01 9.341e+01 1.927e+01 6.955e+01 9.322e+01
8.956e-01 6.978e+01 1.403e+01 2.077e+00 3.369e+01
8.111e+01 8.905e+01 5.928e+01 5.555e+01 1.601e+01
3.877e+01 1.376e+00 8.442e+01 1.651e+01 6.121e+01
7.800e+01 1.005e+01 7.718e+01 4.232e+01 6.365e+01
4.515e+01 5.809e+01 1.187e+01 4.104e+01 1.308e+01
2.370e+01 8.798e+01 9.486e+01 9.682e+01 3.567e+01
2.595e+01 6.008e+01 2.700e+01 2.654e+01 5.425e+01
2.476e+01 6.049e+01 2.126e+01 7.919e+01 1.105e+00
7.722e+01 2.158e+01 6.703e+01 1.304e+01 2.671e+00
3.580e+00 3.113e+01 6.515e+01 5.832e+01 3.239e+01
3.945e+01 4.496e+01 1.294e+01 7.376e+01 9.306e+01
5.821e+01 1.640e+00 8.591e+01 4.570e-01 1.797e+01
5.044e+01 3.441e+01 6.510e+01 5.909e+01 5.568e+01
1.565e+01 2.600e+01 8.859e+01 8.584e+01 8.547e+01
1.204e+01 3.196e+01 8.702e+01 1.815e+01 1.667e+01
4.974e+01 1.414e+01 6.002e+01 5.237e+01 7.121e+01
4.053e+01 4.613e+01 3.498e+01 4.569e+01 8.185e+01
4.924e+01 1.664e+01 6.444e+00 6.113e+01 5.105e+01
1.030e+01 9.496e+01 7.123e+01 6.389e+01 9.915e+01
5.778e+01 4.765e+01 2.396e+01 3.754e+01 7.299e+01
6.191e+01 2.484e+01 7.681e+01 7.498e+01 1.554e+01
2.248e+01 8.522e+01 2.246e+01 2.819e+01 3.772e+01
7.041e+00 1.471e+01 9.426e+01 8.576e+01 6.560e+01
5.480e+01 6.761e+01 2.384e+01 9.418e+01 3.471e+01
1.664e+01 6.108e+01 8.808e+01 5.673e-01 5.297e+01
1.751e+01 2.643e+01 9.783e+01 6.895e+01 8.014e+01
2.767e+01 6.889e+00 9.958e+01 3.019e+01 7.891e+01
2.354e+01 8.914e+01 8.886e+01 9.426e+01 9.403e+01
8.965e+01 4.459e+01 6.408e+01 8.302e+01 3.028e+00
4.272e+01 5.802e+01 9.578e+01 6.059e+01 9.443e+01
8.687e+01 9.104e+01 5.298e+00 7.144e+01 2.228e+01
7.268e+01 7.145e+01 3.813e+01 2.458e+01 7.459e+01
6.198e+01 8.031e+00 8.519e+01 2.293e+01 2.199e+01
1.153e+01 4.252e+01 5.179e+01 9.778e+01 8.531e+01
6.607e+01 3.565e+01 3.109e+01 1.840e+01 1.391e+01
7.206e+00 3.986e+01 5.194e-01 9.610e+01 1.436e+01
5.747e+01 9.410e+01 2.385e+01 7.531e+01 6.545e+01
4.086e+00 2.677e+01 9.482e+01 5.043e+01 6.961e+01
