# 
# ['Tue Apr 29 15:22:20 PDT 2014']
# 
  13.699   33.019   25.452   34.436   18.484
  29.498   22.227   33.663   22.507   16.740
  35.954   21.671   29.487   19.931   31.061
  15.321   20.455   22.340   12.582   35.725
  10.940   21.397   15.421   29.173   12.219
  18.525   25.748   24.975   20.555   27.166
  29.146   25.408   10.704   12.334   33.870
  26.844   16.787   28.787   21.743   16.935
  12.550   19.481   13.847   22.764   32.664
  31.472   20.793   31.992   34.573   28.798
  26.416   23.194   17.852   31.744   17.572
  33.605   11.648   33.010   15.204   32.898
  35.756   32.062   11.909   15.511   30.483
  19.409   26.569   21.472   12.042   34.578
  11.836   21.371   19.650   33.872   20.051
  21.632   36.023   10.999   35.277   33.323
  31.362   19.232   15.719   24.630   18.068
  28.971   33.145   22.972   25.460   30.269
  26.768   16.896   30.584   26.108   16.486
  21.555   27.251   23.354   23.309   25.102
  35.722   18.535   16.019   29.444   24.813
  10.927   15.147   23.302   18.875   26.790
  32.990   33.923   29.451   23.065   28.541
  32.085   13.141   19.270   18.584   22.931
  22.106   28.516   28.142   11.993   29.717
  14.186   31.349   31.417   17.545   21.542
  16.064   21.412   20.002   27.816   33.711
  14.113   14.452   15.784   36.040   21.799
  24.937   17.012   30.972   35.414   33.784
  22.226   25.050   15.467   11.231   34.259
  12.195   31.083   20.170   29.269   29.215
  31.557   22.161   28.467   31.902   35.166
  30.211   30.372   22.034   17.709   15.970
  15.591   26.377   34.928   16.215   34.955
  29.996   10.874   12.435   28.354   15.285
  21.963   33.327   19.194   18.690   32.801
  16.241   18.965   25.470   15.539   32.185
  29.735   23.170   20.756   13.027   15.497
  11.804   12.477   17.166   11.310   19.831
  14.318   30.479   22.121   26.598   15.451
  31.727   31.333   31.469   30.418   11.287
  18.103   22.261   30.290   33.534   27.406
  18.010   33.515   20.772   16.778   13.977
  18.453   27.379   12.876   22.331   36.110
  13.767   16.983   35.123   12.611   27.657
  36.108   12.597   24.469   11.277   25.712
  30.224   33.364   16.779   16.711   33.387
  15.644   18.147   19.219   18.378   29.660
  27.247   14.379   12.279   10.761   21.983
  17.171   22.876   36.188   15.508   20.816
  17.925   20.410   17.378   16.744   23.959
  20.902   27.203   13.394   32.978   21.412
  31.447   18.475   32.460   29.742   30.495
  16.969   23.829   12.671   30.981   33.958
  20.506   13.287   33.266   30.335   14.229
  31.799   17.603   24.805   13.539   22.754
  24.196   24.019   15.031   34.073   34.635
  24.825   34.835   22.104   14.584   21.097
  21.563   12.785   35.789   17.484   32.729
  11.561   32.496   29.499   30.622   29.271
  10.818   26.436   22.247   17.277   20.878
  31.103   17.336   30.324   31.652   27.271
  19.124   23.746   27.803   24.314   15.357
  12.303   33.110   27.114   30.410   16.651
  13.221   11.249   31.261   32.943   32.411
  10.783   35.956   29.937   32.756   18.019
  32.685   29.801   19.542   25.561   15.165
  28.621   16.247   35.219   11.401   11.917
  23.632   15.729   24.685   13.393   23.758
  33.349   31.093   13.753   24.729   25.361
  13.608   20.014   27.072   19.040   28.120
  14.053   11.092   23.456   12.105   31.628
  35.300   21.258   19.049   25.476   17.427
  29.554   15.930   26.063   26.194   30.546
  22.352   25.297   32.624   25.877   18.747
  29.776   11.123   34.201   32.085   24.242
  18.955   33.909   23.316   13.550   31.180
  28.318   11.506   30.038   35.735   23.154
  16.941   15.319   17.192   36.011   24.738
  15.772   25.714   27.559   17.845   27.952
  28.028   28.423   28.062   25.208   31.931
  35.631   28.037   29.953   31.001   26.920
  15.545   29.312   36.187   19.431   12.537
  19.314   18.985   18.847   14.026   21.765
  25.522   22.529   18.629   18.996   16.307
  12.764   28.076   29.889   35.426   28.756
  23.038   30.200   24.710   22.714   12.876
  16.714   13.132   18.526   33.996   25.647
  18.769   24.089   22.832   25.521   16.954
  25.388   17.937   23.328   22.635   34.232
  16.624   34.123   18.300   31.716   26.532
  14.973   30.350   26.053   26.194   30.452
  31.917   26.156   11.741   32.444   31.056
  28.496   17.586   31.859   36.006   31.437
  28.971   32.939   32.657   25.295   21.153
  32.941   12.481   20.837   18.686   16.370
  26.343   35.439   16.973   17.131   23.306
  32.185   33.604   30.462   11.912   33.911
  23.704   29.356   11.184   14.054   25.229
  34.691   30.967   18.268   11.411   12.731
